mt 0 2947667278772165694 18301848765998365067 729919693006235833 11021831128136023278
mt 1 2469588189546311528 2516265689700432462 8323445853463659930 387828560950575246
mt 5489 14514284786278117030 4620546740167642908 13109570281517897720 17462938647148434322
mt 20260909 8761891397929658114 1285713182708298724 5438228646420350821 12210227628917637337
mt 18446744073709551615 478026398904862820 13243134898385798468 709236020254955927 9482188692832154854
weights 1 2 3 1 1 1 1 7 2 10 1 5 4 3 6 5 8 2 4 3 5 1 1 38 3 2 2 6 1 538
key 104857600 0 1662797
key 104857600 1 5193262
key 104857600 829 103060346
key 104857600 830 103060346
key 104857600 969 103060346
key 104857600 970 103060346
key 104857600 999 103060346
key 104857600 100000 102388373
key 104857600 104857599 103060346
key 1000 0 30
key 1000 1 41
key 1000 829 984
key 1000 830 986
key 1000 969 970
key 1000 970 969
key 1000 999 976
key 1000 100000 977
key 1000 104857599 987
